5

 0  0  0  0  0 | 22 15  0  0  0 |  0  0  0  0  0 |  0  0  0  0  0 |  0  0  0 20  0 
 0  0  0  0  0 |  0  0  0 24  3 | 20  0  0 13  0 |  0 18 23  0  0 |  0  0  0  0  0 
 0  0  0  0 25 |  0  0  0  0  0 |  0  0 15  0  4 |  0  0  0  5  0 |  0  0 11  0  0 
17  0  0  0  0 |  0  0  0  0  0 | 10  0  0 18  0 |  0  0  0  0  0 |  0  0  0  0  0 
 0  0 18  0  0 |  0  0  0  0  0 |  0  0  0 16  0 |  0  0  0  0  3 | 13  0  0  0 24 
----------------------------------------------------------------------------------
 0  0  0  0  9 |  2  8  0  0  0 |  0  0  0 23 24 | 15  0 14  0  0 |  6  0  0  0  0 
 0  0  7  0  0 |  0  0  0  0  4 |  0  0  0  0  0 |  0  0  0 19  0 |  0  0  0  0 25 
 0  4  6  0  0 |  0  0 18  0  0 |  0  0  0  0  0 |  0  0 16  0  0 |  1  0  0  0  0 
 1  0  0  0  0 |  0  0  0 22  0 |  0  3  7  0  0 | 23  6  0  0  0 |  0  0  0  0  0 
 0  0  0  0  0 |  3 14  0  0  0 |  4  0  8  0  0 | 25  0  0  0  0 |  0  0  0  0  0 
----------------------------------------------------------------------------------
24  0  0  6  3 |  0  0  0  0 21 |  0  0  0  0  0 |  5  0  0 10  0 |  0 14 15  0  0 
 0  0 10  0  0 |  0  0  0  0 15 |  0  0  0  7  8 |  3  0  0  0  0 |  0  0  0  0  0 
 0  0  0  1  0 |  0 10 23  0  0 |  0  0  0  0  9 |  0  0  0  0  0 | 20  0  2  0  0 
 9  0  0  0  0 | 25  0  0  0  0 |  0  0  0  0  0 |  0  0  0 23  0 |  0  0  0  8 17 
 0  0  0  0  0 |  0  0  0  0  0 |  0  0  2  0  0 | 24  0  0  0  0 | 11  0  0  0 13 
----------------------------------------------------------------------------------
22  0  0  0  0 |  0  0  0  0  0 |  0  0  0  0 20 |  0 17  5  0  0 |  0  0  0  0  0 
 0  0  0  0  0 |  0  0  0  0  0 | 24  0  0  0  1 |  0  0  0  0 14 |  0  9  0  5  0 
 0 12  0  8  0 |  0  0  0  0  0 |  0  2 13  0  0 |  0  0  0  0  0 |  0  3  6  0  0 
 0 19  0  0  0 |  0  0  0  0  9 | 25  0  0  0  0 |  0  0  0  8 22 |  0 12  0  0  0 
 0  0  0  0  0 |  0  0  0 10  0 | 19  0 18  0  0 |  0 25  0  0  0 | 15  0  0  0  0 
----------------------------------------------------------------------------------
 0  0  0 13  0 |  0  0  0 19  0 |  0 15  0 22  0 |  0  0  3  0  0 |  0 17  0  2  0 
 0  0  0  0  0 | 21  0  0 18  0 |  0  0  0 24  0 |  0  0 11  0  0 |  7  0  3  0  0 
20  0  0  0  0 |  0  0  0  0  0 |  0  0  0  0  0 |  1  7  0  0 10 |  0  0  0  0  0 
 0  0  0  0  0 |  0  0  0  0  0 | 16  0  0  0  0 | 18 15  0  0  0 |  0  0  0 11  0 
 0 17  0  0  0 |  0  0  0  0  0 |  0  0  9  2 23 |  0  0  0  0  0 |  0  0  1  0  6

(Puzzle produced randomly by the student tester: https://github.com/WassimJabz/COMP250_FinalProjectTester)
