4

 0  0  0  0 |  0  0  0  0 |  8  9  0  0 |  0  0 14  0 
 0  0  0  0 | 13  0  0  0 |  0  0  0  0 |  0  0  0  8 
 0  0  0  7 |  0  8 11  0 |  0  0 15  0 |  0  0  0  9 
 0  8  0  0 |  0  0  0  0 |  0 13 14  7 |  4  0  6 11 
-----------------------------------------------------
 2  0  1  0 |  0  0 16  0 | 11  0  9  0 |  0 15  0  0 
 0  0  0 13 |  0 11  0  0 |  0  0  0  0 |  0  0  0  0 
 0  0  0  0 |  0  0  0 13 |  0  2 12  0 |  0  0 11  0 
 0  6 11  0 |  3 12  0  0 |  0  0  8 13 |  0  0  0  7 
-----------------------------------------------------
 0  1  5  0 |  0  0  4 16 |  0  0  0  0 | 11  0  0  0 
 8 10  4  0 |  0 13  0 12 |  0  1 16  0 |  9  7  0  0 
 0 13  6 12 | 15  5  0  0 |  9  4  7  8 | 14 16  0  1 
 0  0  9  3 |  0 10  0  0 |  0  0 11  0 |  6  2  0  0 
-----------------------------------------------------
 0  7  0  0 | 16  2  0  6 |  0  8  5  0 |  0  0 13  0 
 6  0  0 15 |  0  0  0  0 | 12  7  0  0 |  0 14  0 16 
 0 16 13  0 | 12  0  0 14 |  0  0  0  9 |  8  0  0  0 
 0  0  8  0 | 10 15  1  5 | 16  0  0  0 |  0  6  0  0
 
(Puzzle generated randomly by the student tester: https://github.com/WassimJabz/COMP250_FinalProjectTester)
