5

 0  2  3  0  0 |  0  0  0  0  0 |  0  0 13 14 15 |  0 17 18 19  0 | 21 22 23 24  0 
 6  0  0  9  0 |  0  0  0 24 25 |  1  2  0  4  5 | 11 12 13  0 15 |  0  0 18  0 20 
14  0 18  0 25 |  1  2  3  0  0 |  0  0 10 16 17 |  0  7 21  0  0 |  0  5  0  0 13 
 0 12  0  0  0 |  0  0  0 16  0 | 18  0 19  0  0 |  6  0 10 24 25 |  1  2  3  0 14 
16  0  0 20 21 | 11 12  0  0  0 |  0 23  8 24  0 |  1  0  3  4  5 |  0  7  9  0 15 
----------------------------------------------------------------------------------
 0  1  0  5  0 |  0 19  2  4  0 |  0 20 23  0 10 |  0  0  8 12  0 |  0  0  0  0  0 
17 18  0  0  0 |  3  8  9  0  0 |  7 25  2  6 13 |  0  0  0  0  1 |  0 19 21  0 24 
 0 24  0  6  0 |  0 13  0 18  5 |  9 15 12 19 22 |  0  0 16  0  0 |  0  0  0  0  0 
19 13  0 12  0 |  0  0  0 20 11 |  0 21 17  0  0 |  0  0  0  7  0 |  0  0 22  5  0 
 7  0 25 10  3 |  0  0 16 21  0 |  8  0 14  0 24 |  0 18 20 17  0 |  2 12  6 13 23 
----------------------------------------------------------------------------------
 2  0 10  1 18 | 20  0  0  0  0 |  0  8 11 13  0 |  0 21  0  6 19 | 22  0  0 25  0 
 0 21 14  0  0 |  0  0 17  6  0 |  0  0  0  0  3 |  0 13  4 18 10 | 20 23  0  9  0 
 0  3  0  7 24 | 12 15  0  0 13 | 10  0 20  0  4 |  5 11  0  0  0 |  0  0 19  6  0 
 0  0  0  0 15 |  0 14 25 11  0 |  0  0  0  0  6 |  0 20 22  2  0 |  8  0  4  0  0 
 0  0  0 16 17 |  0 21  0  2  0 | 19  0  0  0  0 |  0  0  0 25  7 | 10 13  0 11  5 
----------------------------------------------------------------------------------
 0 25  1  2  0 |  0 17 11 12 16 | 14  0  0  0  0 | 18  0  6  0 21 |  0  0  0 23  8 
24 20  0  0 14 |  0  4  0  7  0 |  0  6 16  0 11 |  0  0  2  0  8 |  0  0 25  0 17 
 0 19 22 17 12 | 13  0  0  8  0 | 24 10  0  0  0 |  4  5  0  9  0 | 14  0  0 16  0 
 4  0 16 18  6 | 14  0 21  0  0 |  2  0  9  0  0 | 17 19  0  0 12 |  3 11  5  0 22 
 0  0  0  0  0 |  2  6  1  0  0 |  0  0  7 17  0 |  0  0  0  0  0 |  0  4 12  0  0 
----------------------------------------------------------------------------------
 0 22 24  0  1 |  8  9  0 13  4 |  0  0  0 12 23 |  0 14 25  0  0 |  0 21  0 15  0 
 0  0  0  8  0 | 16  0  0 15 14 | 21  0  0  0  0 |  7  0  0  0  0 | 23  0  0 17 18 
18 23  0  0 19 | 22  0 10  0  0 | 13  0  5 25  7 |  0  8 11  0  6 | 12  0  0  2  0 
 9  0  0 21  0 | 25  0  0  0  2 |  3 19 18  8  0 |  0  1 12 15  0 |  5 10  0  0  4 
 0  0  7  0  0 |  0  0  0  0  0 |  0  4  0 11  0 |  0 23 19  0 17 |  9  0  8  0  6
 
(Puzzle generated randomly by the student tester: https://github.com/WassimJabz/COMP250_FinalProjectTester)
 