4

 0  0  0  9 |  7  0 10  0 |  1 16 13 15 |  0  0  0  0 
 8  0  3 10 |  0  2  1  0 | 11 12  0  0 |  0  7  0  0 
 0 11  0 14 |  0  0  0  0 |  0  0  6 10 | 16 15  0  0 
 1  0 12 13 |  4  0 15 11 |  0  0  0  0 |  6  0  0  2 
-----------------------------------------------------
 0 10  9  0 |  0  0  0 14 |  0  0  0  0 |  3  0  6  0 
 0  0  0  0 |  0  0  3 16 |  4  0  0  0 |  0  0  0  0 
 0  0  0  0 | 15  6  0  0 | 14  0  0  0 |  2  0  0  0 
15  0  0  0 |  0  0  0  0 |  0  0  0  0 |  0  0  0  0 
-----------------------------------------------------
 0  0  0  2 |  1 16  8  4 |  0  0 11  0 |  0  0  0  3 
 0  3  0  0 |  0  0  0 12 | 16  0 14  9 | 15  0  0  0 
 0  7  0  0 |  0  0 14  0 |  0  0  0  0 |  1  0  0  0 
 0  8 15  0 |  0  9  0  0 | 10  0  0  1 |  0  0  0  0 
-----------------------------------------------------
 0  0  0  0 |  0  0 16  0 |  5  0  0  2 | 10  4  0  0 
12  6 10 16 |  0 11  0  2 |  9  0  0  0 |  0  0  1  0 
 0  5  2 15 |  3  0  0  0 |  0 10  1 11 | 14  0  0  0 
 0 13  0  0 |  5  0  0 10 |  0  6  0  0 |  0 11  0  0
 
(Puzzle generated randomly by the student tester: https://github.com/WassimJabz/COMP250_FinalProjectTester)
 